1000 1000 1000
enter 765 0 104
enter 871 1 699
enter 100 2 100
enter 81 3 407
enter 912 4 895
enter 925 5 734
enter 651 6 635
enter 197 7 577
enter 522 8 708
enter 686 9 511
enter 313 10 426
enter 87 11 775
enter 437 12 707
enter 698 13 329
enter 226 14 136
enter 544 15 760
enter 510 16 857
enter 538 17 634
enter 854 18 962
enter 133 19 731
enter 633 20 64
enter 814 21 78
enter 602 22 567
enter 462 23 6
enter 25 24 718
enter 31 25 964
enter 915 26 398
enter 800 27 794
enter 457 28 806
enter 174 29 959
enter 327 30 34
enter 540 31 524
enter 270 32 949
enter 139 33 199
enter 444 34 13
enter 309 35 885
enter 714 36 318
enter 671 37 30
enter 182 38 594
enter 326 39 971
enter 306 40 255
enter 451 41 699
enter 21 42 777
enter 233 43 887
enter 377 44 306
enter 366 45 290
enter 356 46 959
enter 345 47 245
enter 299 48 949
enter 651 49 978
enter 412 50 444
enter 209 51 735
enter 691 52 210
enter 577 53 781
enter 623 54 291
enter 274 55 346
enter 997 56 584
enter 161 57 708
enter 144 58 650
enter 609 59 957
enter 526 60 211
enter 475 61 659
enter 816 62 959
enter 367 63 63
enter 992 64 880
enter 12 65 219
enter 323 66 877
enter 454 67 546
enter 821 68 897
enter 715 69 663
enter 482 70 870
enter 878 71 537
enter 105 72 194
enter 869 73 646
enter 53 74 483
enter 483 75 896
enter 871 76 270
enter 951 77 206
enter 119 78 505
enter 750 79 918
enter 75 80 887
enter 24 81 342
enter 202 82 33
close 964
enter 509 84 318
enter 441 85 769
enter 772 86 643
enter 422 87 604
close 897
enter 367 89 674
enter 897 90 365
enter 790 91 989
enter 170 92 179
enter 857 93 236
enter 498 94 571
enter 699 95 717
enter 579 96 937
enter 707 97 843
enter 336 98 688
enter 529 99 64
close 398
enter 837 101 71
enter 324 102 234
enter 691 103 122
enter 991 104 119
enter 286 105 842
enter 951 106 238
enter 773 107 749
enter 743 108 250
enter 500 109 433
enter 608 110 904
enter 806 111 891
enter 701 112 811
close 33
enter 141 114 457
enter 983 115 728
enter 118 116 213
enter 470 117 323
enter 637 118 944
enter 760 119 720
enter 863 120 42
enter 823 121 474
enter 583 122 93
enter 195 123 596
enter 445 124 623
enter 905 125 252
enter 351 126 173
enter 482 127 590
enter 157 128 953
enter 265 129 741
enter 585 130 439
enter 685 131 657
enter 623 132 317
enter 224 133 438
enter 433 134 937
enter 113 135 254
enter 91 136 11
enter 188 137 316
enter 540 138 471
enter 439 139 883
enter 842 140 682
enter 178 141 652
enter 626 142 343
enter 739 143 802
enter 895 144 4
enter 73 145 824
enter 907 146 601
enter 500 147 588
enter 670 148 169
enter 91 149 90
enter 693 150 757
enter 462 151 403
enter 655 152 639
enter 358 153 975
enter 948 154 556
enter 337 155 249
enter 248 156 606
enter 666 157 611
enter 711 158 673
enter 537 159 850
enter 688 160 12
enter 191 161 314
enter 687 162 970
enter 781 163 165
enter 238 164 130
enter 133 165 352
close 483
enter 786 167 696
enter 635 168 465
enter 815 169 487
enter 101 170 251
enter 355 171 76
enter 182 172 239
enter 571 173 336
enter 32 174 976
enter 208 175 779
enter 921 176 443
enter 354 177 698
enter 360 178 544
close 457
enter 135 180 289
enter 151 181 618
go 596
enter 238 183 668
enter 326 184 475
enter 868 185 41
enter 166 186 527
enter 855 187 807
enter 546 188 425
enter 889 189 616
enter 166 190 244
enter 628 191 691
enter 390 192 423
enter 77 193 704
enter 375 194 664
enter 729 195 866
enter 465 196 499
enter 718 197 979
enter 111 198 871
enter 413 199 948
enter 946 200 210
enter 297 201 275
enter 386 202 62
enter 134 203 72
close 365
enter 251 205 417
enter 435 206 843
enter 652 207 799
enter 165 208 976
close 119
enter 21 210 459
close 811
enter 340 212 366
close 634
enter 297 214 942
enter 347 215 191
enter 586 216 313
enter 810 217 212
leave 857
enter 148 219 770
enter 870 220 468
enter 443 221 331
enter 802 222 984
enter 244 223 432
enter 952 224 779
enter 447 225 295
enter 944 226 830
enter 556 227 703
enter 968 228 766
enter 495 229 747
enter 183 230 661
enter 295 231 379
enter 82 232 325
enter 598 233 129
close 659
enter 230 235 872
enter 914 236 174
enter 325 237 912
enter 189 238 695
enter 234 239 143
close 245
enter 569 241 746
enter 430 242 129
enter 77 243 385
enter 996 244 364
enter 419 245 717
enter 55 246 399
enter 190 247 608
enter 611 248 535
enter 22 249 602
close 970
enter 942 251 662
enter 856 252 222
enter 938 253 489
close 1
enter 151 255 314
enter 650 256 993
enter 898 257 993
enter 119 258 824
enter 755 259 315
enter 961 260 128
enter 436 261 215
enter 231 262 868
enter 783 263 846
enter 953 264 34
enter 941 265 99
enter 414 266 298
enter 626 267 885
enter 577 268 367
enter 43 269 950
close 766
enter 244 271 873
enter 58 272 657
enter 558 273 44
enter 797 274 346
enter 705 275 821
enter 587 276 350
enter 15 277 932
enter 718 278 629
enter 950 279 768
enter 991 280 947
enter 726 281 860
enter 550 282 188
enter 558 283 982
enter 379 284 916
enter 858 285 154
enter 783 286 381
enter 444 287 927
enter 445 288 358
enter 962 289 178
enter 743 290 772
enter 26 291 205
enter 736 292 158
enter 510 293 972
enter 680 294 674
enter 961 295 740
enter 403 296 413
enter 193 297 947
enter 879 298 790
enter 374 299 598
enter 489 300 288
enter 87 301 351
enter 169 302 837
enter 593 303 300
enter 246 304 609
enter 874 305 23
enter 180 306 426
enter 250 307 870
enter 5 308 105
enter 583 309 24
enter 791 310 903
enter 267 311 0
close 24
enter 879 313 213
close 205
enter 800 315 376
enter 112 316 671
enter 813 317 567
enter 858 318 921
enter 167 319 131
enter 515 320 636
enter 377 321 438
enter 509 322 54
enter 999 323 141
enter 798 324 666
close 982
enter 18 326 216
enter 190 327 618
enter 770 328 566
close 971
enter 744 330 844
enter 408 331 721
enter 859 332 166
enter 942 333 423
enter 383 334 956
enter 188 335 824
enter 121 336 857
close 251
enter 544 338 275
enter 350 339 627
enter 734 340 326
enter 353 341 273
enter 596 342 314
close 688
enter 702 344 216
enter 843 345 957
enter 878 346 757
enter 546 347 562
enter 195 348 516
enter 718 349 806
enter 418 350 702
close 379
enter 483 352 837
enter 288 353 596
enter 942 354 467
enter 679 355 998
enter 296 356 912
enter 28 357 280
enter 105 358 534
enter 183 359 182
enter 340 360 679
enter 138 361 279
enter 902 362 518
enter 254 363 838
enter 289 364 32
enter 109 365 839
enter 233 366 613
enter 719 367 861
leave 199
enter 428 369 797
enter 954 370 745
enter 323 371 28
enter 753 372 945
enter 562 373 557
enter 301 374 615
close 165
close 972
enter 336 377 986
enter 406 378 765
enter 51 379 994
enter 809 380 501
enter 188 381 126
enter 584 382 926
enter 988 383 274
enter 275 384 553
enter 755 385 23
enter 76 386 673
enter 64 387 906
enter 451 388 625
enter 450 389 355
enter 755 390 733
go 598
enter 560 392 247
enter 320 393 311
enter 545 394 918
enter 332 395 509
enter 720 396 424
enter 939 397 497
enter 400 398 429
enter 271 399 525
enter 826 400 898
enter 655 401 617
enter 259 402 743
enter 763 403 619
enter 845 404 983
enter 420 405 864
enter 629 406 259
enter 716 407 0
enter 17 408 893
enter 801 409 471
enter 814 410 950
leave 546
enter 581 412 71
enter 182 413 890
enter 858 414 408
enter 258 415 207
enter 191 416 764
enter 6 417 555
enter 132 418 737
enter 464 419 214
enter 696 420 670
enter 978 421 109
close 768
enter 139 423 863
close 674
enter 200 425 525
enter 349 426 25
close 290
enter 974 428 774
enter 507 429 923
enter 708 430 778
enter 959 431 160
enter 719 432 614
enter 274 433 814
enter 253 434 742
enter 121 435 416
enter 613 436 507
close 664
enter 736 438 324
enter 112 439 371
enter 887 440 495
enter 355 441 626
enter 465 442 648
enter 120 443 991
enter 294 444 753
enter 691 445 388
enter 592 446 692
enter 609 447 936
enter 848 448 318
enter 306 449 296
enter 337 450 558
enter 2 451 828
enter 436 452 291
enter 649 453 402
enter 374 454 906
enter 966 455 257
enter 596 456 197
enter 957 457 462
close 799
enter 240 459 503
enter 522 460 533
enter 915 461 349
enter 101 462 91
enter 270 463 534
enter 859 464 760
enter 349 465 980
close 62
enter 749 467 735
enter 289 468 502
enter 929 469 592
close 499
enter 49 471 685
enter 641 472 574
enter 333 473 95
enter 448 474 339
enter 432 475 566
enter 851 476 825
enter 122 477 60
close 617
enter 940 479 692
enter 540 480 125
enter 844 481 23
enter 748 482 979
enter 537 483 754
enter 981 484 479
enter 13 485 506
enter 882 486 625
enter 760 487 3
close 592
enter 811 489 352
enter 686 490 525
enter 274 491 309
enter 68 492 485
enter 696 493 933
close 351
enter 936 495 938
enter 437 496 151
enter 638 497 49
enter 609 498 989
enter 718 499 450
enter 71 500 581
enter 773 501 505
enter 224 502 759
enter 961 503 934
enter 284 504 38
enter 602 505 735
enter 890 506 210
close 255
enter 173 508 601
enter 87 509 863
enter 294 510 309
enter 719 511 656
enter 866 512 486
close 553
enter 138 514 413
enter 730 515 242
enter 157 516 474
close 695
close 78
enter 31 519 632
close 781
enter 681 521 82
enter 587 522 322
enter 526 523 113
enter 387 524 162
enter 468 525 729
enter 703 526 442
enter 80 527 383
enter 970 528 199
enter 881 529 925
enter 43 530 951
enter 792 531 0
enter 666 532 173
enter 159 533 908
enter 706 534 693
enter 767 535 881
enter 870 536 705
enter 272 537 691
enter 615 538 380
enter 46 539 612
enter 271 540 595
enter 324 541 100
close 316
enter 794 543 735
enter 906 544 545
enter 526 545 196
enter 400 546 362
enter 327 547 923
close 779
enter 738 549 665
enter 440 550 930
close 467
enter 105 552 303
close 652
enter 14 554 845
enter 148 555 772
enter 229 556 809
enter 376 557 13
enter 234 558 862
enter 514 559 313
enter 253 560 784
close 385
enter 491 562 452
close 604
go 871
enter 190 565 898
enter 202 566 557
enter 914 567 420
enter 714 568 946
enter 233 569 209
enter 40 570 72
enter 861 571 520
enter 812 572 619
leave 254
enter 138 574 994
enter 200 575 772
close 975
enter 586 577 122
enter 272 578 735
enter 827 579 764
enter 896 580 76
enter 998 581 117
close 614
enter 143 583 492
close 380
enter 375 585 391
enter 411 586 474
enter 512 587 244
enter 185 588 654
enter 590 589 306
enter 515 590 157
enter 22 591 578
enter 82 592 642
close 234
close 49
enter 13 595 103
enter 534 596 72
close 12
enter 838 598 211
enter 373 599 189
close 866
enter 575 601 791
enter 231 602 989
enter 731 603 82
close 295
enter 944 605 788
enter 614 606 728
close 247
enter 396 608 507
enter 838 609 573
enter 841 610 886
close 721
enter 787 612 130
enter 682 613 422
close 459
enter 978 615 943
enter 842 616 709
enter 850 617 820
enter 120 618 497
enter 52 619 841
enter 311 620 175
close 3
enter 728 622 648
close 729
enter 235 624 998
enter 105 625 41
close 495
enter 154 627 901
enter 725 628 31
enter 490 629 498
enter 758 630 487
enter 394 631 904
close 843
enter 796 633 524
enter 43 634 337
leave 249
enter 193 636 63
close 864
enter 677 638 294
enter 617 639 51
enter 418 640 615
enter 4 641 446
enter 744 642 813
enter 579 643 854
enter 387 644 487
enter 429 645 507
enter 438 646 463
enter 649 647 796
enter 31 648 523
enter 928 649 208
enter 982 650 722
enter 297 651 541
leave 291
enter 949 653 142
enter 771 654 915
enter 465 655 995
enter 543 656 977
enter 682 657 631
enter 182 658 714
enter 770 659 952
close 527
enter 669 661 479
enter 894 662 511
enter 161 663 665
enter 479 664 989
enter 54 665 643
enter 246 666 302
enter 122 667 726
leave 717
enter 423 669 665
enter 433 670 267
close 693
enter 996 672 451
enter 933 673 256
enter 21 674 249
enter 469 675 903
enter 350 676 732
enter 679 677 901
enter 775 678 627
enter 422 679 524
enter 641 680 704
enter 759 681 694
enter 750 682 748
close 962
enter 920 684 41
enter 296 685 852
enter 369 686 771
enter 903 687 709
enter 211 688 212
enter 154 689 17
enter 255 690 321
close 951
enter 937 692 515
enter 796 693 434
enter 187 694 655
enter 237 695 513
enter 567 696 405
enter 414 697 723
enter 883 698 681
close 885
enter 635 700 430
enter 521 701 284
enter 847 702 393
enter 608 703 520
enter 585 704 70
enter 24 705 902
enter 964 706 436
enter 921 707 739
close 718
enter 443 709 241
enter 642 710 622
enter 178 711 161
enter 664 712 548
enter 192 713 403
enter 813 714 174
enter 876 715 175
close 567
enter 956 717 343
enter 768 718 330
close 60
enter 340 720 496
enter 579 721 470
enter 287 722 85
enter 94 723 879
close 807
enter 747 725 333
enter 446 726 554
close 584
enter 800 728 9
enter 698 729 376
enter 60 730 938
enter 173 731 876
enter 293 732 127
enter 390 733 855
enter 514 734 249
enter 835 735 593
enter 542 736 501
enter 884 737 525
enter 371 738 428
enter 395 739 606
enter 133 740 844
enter 58 741 795
enter 14 742 839
enter 648 743 264
enter 999 744 931
enter 266 745 126
enter 761 746 108
enter 100 747 212
close 239
enter 815 749 476
enter 80 750 536
close 720
enter 344 752 647
enter 384 753 317
enter 984 754 667
enter 669 755 572
close 136
enter 723 757 800
close 326
enter 444 759 425
close 671
enter 873 761 524
enter 415 762 675
enter 542 763 762
enter 159 764 8
enter 495 765 738
enter 52 766 883
enter 552 767 439
enter 326 768 407
enter 96 769 685
close 85
enter 123 771 196
enter 876 772 182
enter 348 773 986
close 288
enter 430 775 542
enter 635 776 762
enter 89 777 404
enter 661 778 35
close 64
close 596
enter 314 781 794
enter 554 782 140
enter 578 783 833
enter 587 784 477
enter 643 785 118
enter 156 786 157
enter 368 787 41
enter 883 788 530
go 902
close 578
enter 860 791 312
close 8
enter 310 793 216
enter 124 794 392
enter 780 795 421
enter 251 796 669
close 487
enter 945 798 374
enter 444 799 198
enter 513 800 144
enter 227 801 413
enter 171 802 764
close 339
enter 244 804 170
enter 3 805 281
enter 296 806 740
enter 789 807 690
enter 587 808 662
enter 37 809 318
enter 308 810 699
enter 810 811 392
close 530
enter 618 813 491
enter 990 814 274
enter 158 815 533
enter 178 816 640
enter 733 817 878
enter 530 818 143
enter 775 819 87
enter 974 820 957
enter 711 821 944
enter 687 822 709
enter 947 823 591
enter 48 824 641
enter 443 825 419
leave 839
enter 169 827 915
enter 52 828 262
enter 485 829 514
enter 182 830 389
enter 500 831 347
enter 449 832 822
close 509
enter 965 834 449
enter 101 835 669
enter 630 836 598
enter 297 837 915
enter 734 838 944
enter 143 839 260
close 371
enter 168 841 153
enter 51 842 16
enter 707 843 968
enter 748 844 691
enter 789 845 161
enter 789 846 997
enter 396 847 680
enter 998 848 90
close 668
enter 512 850 453
enter 738 851 243
enter 572 852 934
close 191
enter 666 854 961
leave 275
enter 688 856 356
enter 243 857 81
enter 361 858 878
enter 414 859 560
close 188
close 95
enter 829 862 549
enter 56 863 903
go 588
enter 160 865 468
enter 256 866 441
enter 263 867 650
enter 650 868 134
enter 55 869 922
enter 604 870 294
enter 1 871 231
enter 644 872 755
enter 581 873 415
close 666
enter 132 875 810
enter 212 876 248
leave 450
enter 474 878 670
enter 888 879 159
enter 555 880 629
enter 158 881 713
enter 604 882 318
enter 835 883 229
enter 609 884 89
enter 49 885 636
enter 590 886 224
close 6
enter 974 888 328
close 613
enter 839 890 978
enter 274 891 492
enter 88 892 876
close 800
enter 435 894 594
enter 815 895 627
enter 973 896 323
enter 939 897 555
close 635
enter 989 899 139
close 157
enter 893 901 168
enter 326 902 679
enter 419 903 531
enter 979 904 901
enter 856 905 821
enter 171 906 122
enter 128 907 450
leave 593
enter 416 909 724
enter 625 910 127
enter 763 911 20
enter 969 912 271
enter 751 913 743
enter 617 914 428
enter 83 915 528
close 942
enter 232 917 790
close 178
enter 338 919 893
enter 625 920 168
enter 987 921 207
enter 933 922 564
enter 684 923 630
enter 459 924 154
close 270
enter 196 926 603
enter 897 927 75
enter 525 928 463
enter 111 929 756
enter 283 930 204
close 544
enter 406 932 651
enter 166 933 535
enter 77 934 586
enter 0 935 824
enter 427 936 419
close 451
enter 866 938 473
enter 210 939 2
enter 331 940 908
enter 743 941 409
close 908
enter 220 943 543
close 300
enter 834 945 581
enter 50 946 860
close 23
enter 214 948 851
enter 773 949 53
enter 378 950 532
close 691
enter 511 952 523
enter 376 953 320
close 707
enter 707 955 868
close 109
enter 341 957 258
enter 586 958 302
enter 306 959 304
enter 437 960 137
close 25
enter 926 962 947
enter 849 963 297
enter 269 964 496
close 53
enter 644 966 80
enter 935 967 340
go 872
close 41
enter 446 970 484
enter 630 971 48
enter 25 972 783
enter 968 973 572
enter 492 974 335
close 870
enter 723 976 697
close 857
enter 201 978 263
enter 332 979 638
enter 786 980 382
enter 271 981 134
enter 245 982 162
enter 847 983 859
enter 131 984 583
enter 118 985 967
enter 380 986 465
enter 54 987 403
enter 707 988 474
enter 167 989 889
enter 653 990 384
enter 255 991 529
close 947
enter 398 993 5
enter 826 994 406
enter 589 995 325
close 995
enter 519 997 894
enter 453 998 599
enter 552 999 259
