1000 1000 1000
enter 203 0 436
enter 71 1 785
enter 342 2 375
enter 401 3 335
enter 636 4 415
enter 128 5 924
enter 344 6 96
enter 250 7 11
enter 141 8 705
enter 728 9 780
enter 79 10 896
enter 227 11 209
enter 435 12 944
enter 337 13 696
enter 261 14 264
enter 584 15 961
enter 145 16 86
enter 234 17 778
enter 228 18 508
enter 146 19 193
enter 123 20 145
enter 103 21 618
enter 251 22 355
enter 734 23 842
enter 796 24 723
enter 876 25 347
enter 992 26 714
enter 972 27 64
enter 672 28 627
enter 382 29 548
enter 993 30 768
enter 673 31 710
enter 578 32 746
enter 754 33 808
enter 794 34 251
enter 301 35 720
enter 200 36 22
enter 500 37 446
enter 922 38 570
enter 550 39 23
enter 898 40 899
enter 497 41 330
enter 54 42 41
enter 459 43 433
enter 447 44 173
enter 861 45 330
enter 109 46 209
enter 562 47 198
enter 952 48 407
enter 366 49 257
enter 529 50 197
enter 746 51 20
enter 795 52 135
enter 199 53 512
enter 36 54 221
enter 969 55 940
enter 585 56 535
enter 111 57 208
enter 633 58 743
enter 847 59 402
enter 600 60 134
enter 823 61 321
close 257
enter 167 63 626
enter 249 64 375
enter 820 65 731
enter 258 66 39
enter 106 67 405
enter 824 68 711
enter 976 69 937
enter 413 70 582
enter 697 71 459
enter 18 72 100
enter 883 73 454
enter 796 74 155
enter 169 75 362
enter 593 76 599
enter 480 77 877
enter 565 78 696
enter 522 79 840
enter 836 80 403
enter 457 81 370
enter 961 82 10
enter 32 83 434
close 407
enter 409 85 87
enter 496 86 310
enter 643 87 886
enter 105 88 52
enter 681 89 759
enter 538 90 614
enter 55 91 588
enter 766 92 936
enter 833 93 853
enter 888 94 612
enter 874 95 135
enter 213 96 376
enter 978 97 430
enter 894 98 763
enter 195 99 169
enter 37 100 718
enter 851 101 159
enter 861 102 940
enter 575 103 904
enter 677 104 477
enter 194 105 634
enter 340 106 452
enter 763 107 802
enter 512 108 984
enter 859 109 143
enter 554 110 841
enter 508 111 799
enter 635 112 263
close 221
enter 577 114 737
enter 943 115 833
enter 944 116 672
enter 915 117 894
enter 114 118 586
enter 264 119 832
close 799
enter 900 121 319
enter 725 122 776
enter 359 123 168
enter 396 124 270
enter 379 125 805
enter 548 126 779
enter 761 127 317
close 321
enter 633 129 286
enter 208 130 572
enter 370 131 8
enter 983 132 400
enter 297 133 989
enter 88 134 543
enter 427 135 540
enter 509 136 367
enter 365 137 425
enter 802 138 440
enter 34 139 219
enter 230 140 892
enter 443 141 158
enter 191 142 775
enter 116 143 81
enter 412 144 233
enter 693 145 419
enter 574 146 961
enter 844 147 265
enter 542 148 158
enter 7 149 41
enter 394 150 500
enter 13 151 735
enter 228 152 856
enter 730 153 450
enter 193 154 323
enter 605 155 513
enter 143 156 823
enter 630 157 563
enter 392 158 198
enter 873 159 972
enter 106 160 128
enter 558 161 13
enter 173 162 65
enter 236 163 627
enter 687 164 812
enter 320 165 177
enter 211 166 82
enter 906 167 927
enter 835 168 607
enter 130 169 18
enter 939 170 189
enter 546 171 190
enter 618 172 466
enter 117 173 124
enter 626 174 704
enter 510 175 577
enter 616 176 756
close 759
enter 56 178 96
enter 826 179 659
enter 470 180 442
enter 340 181 686
enter 884 182 405
enter 177 183 960
enter 669 184 916
enter 724 185 551
enter 202 186 391
close 614
enter 38 188 238
enter 928 189 313
enter 581 190 845
close 612
enter 232 192 739
enter 705 193 480
enter 928 194 973
enter 444 195 266
enter 828 196 923
enter 408 197 555
enter 669 198 682
enter 815 199 796
enter 25 200 324
enter 992 201 329
enter 646 202 261
enter 272 203 255
enter 193 204 441
enter 121 205 864
enter 632 206 695
enter 395 207 925
enter 182 208 76
enter 101 209 645
close 145
enter 605 211 22
enter 623 212 639
enter 419 213 224
enter 844 214 632
close 540
enter 777 216 981
enter 938 217 697
enter 878 218 623
enter 633 219 725
enter 33 220 622
enter 558 221 733
enter 630 222 769
enter 599 223 204
enter 301 224 677
enter 173 225 524
enter 595 226 157
enter 342 227 945
enter 211 228 964
close 86
close 945
enter 175 231 579
enter 208 232 537
enter 758 233 314
close 3
enter 825 235 957
enter 442 236 311
enter 983 237 957
enter 507 238 948
enter 461 239 618
enter 448 240 445
enter 535 241 355
enter 126 242 230
enter 993 243 87
enter 349 244 879
enter 813 245 430
enter 953 246 706
enter 452 247 196
enter 673 248 999
enter 839 249 994
enter 279 250 906
enter 810 251 814
enter 472 252 477
enter 22 253 264
enter 416 254 232
enter 548 255 181
enter 528 256 318
enter 238 257 460
enter 546 258 175
enter 346 259 650
enter 834 260 289
enter 208 261 907
enter 72 262 135
enter 965 263 475
enter 156 264 355
enter 883 265 499
enter 648 266 504
enter 846 267 523
enter 4 268 985
enter 444 269 368
enter 585 270 791
enter 963 271 417
enter 895 272 444
enter 306 273 784
enter 68 274 725
enter 106 275 401
enter 965 276 458
enter 491 277 79
enter 524 278 480
enter 966 279 661
enter 604 280 888
enter 351 281 147
enter 408 282 536
enter 319 283 533
enter 150 284 768
enter 661 285 431
enter 188 286 447
enter 941 287 326
enter 182 288 984
enter 375 289 435
enter 742 290 42
enter 205 291 55
enter 86 292 203
enter 66 293 344
enter 964 294 429
enter 582 295 960
enter 802 296 484
enter 876 297 273
enter 443 298 694
enter 900 299 191
enter 513 300 867
enter 429 301 358
close 856
enter 190 303 29
enter 362 304 805
enter 958 305 457
close 957
enter 116 307 218
enter 766 308 863
enter 49 309 399
enter 733 310 247
enter 117 311 248
enter 831 312 306
enter 637 313 983
enter 692 314 567
enter 565 315 801
enter 209 316 144
enter 93 317 69
enter 328 318 876
enter 926 319 240
enter 719 320 408
enter 770 321 678
enter 550 322 800
enter 997 323 814
enter 624 324 161
enter 731 325 32
enter 510 326 139
enter 547 327 165
enter 297 328 829
enter 795 329 645
enter 689 330 368
enter 438 331 356
enter 559 332 606
enter 869 333 545
enter 586 334 455
enter 36 335 532
enter 800 336 180
enter 306 337 562
enter 909 338 860
enter 688 339 776
enter 487 340 443
enter 301 341 396
enter 49 342 126
enter 168 343 530
enter 82 344 505
enter 874 345 311
enter 702 346 4
enter 289 347 300
enter 199 348 860
close 801
enter 691 350 852
enter 637 351 629
enter 427 352 906
enter 424 353 987
enter 687 354 338
enter 935 355 250
enter 495 356 571
enter 491 357 868
enter 554 358 94
enter 838 359 277
enter 181 360 943
enter 22 361 189
enter 109 362 601
enter 213 363 871
enter 997 364 935
close 96
enter 541 366 571
enter 344 367 952
enter 607 368 77
enter 484 369 84
enter 607 370 326
enter 769 371 639
enter 642 372 688
enter 829 373 297
enter 497 374 977
enter 883 375 620
enter 726 376 60
close 84
enter 1 378 671
enter 348 379 870
close 606
enter 752 381 716
close 535
enter 293 383 932
enter 703 384 578
enter 290 385 390
enter 526 386 781
close 737
enter 717 388 241
enter 417 389 0
close 2
close 994
enter 282 392 835
enter 586 393 625
enter 291 394 837
enter 756 395 718
close 10
enter 161 397 980
enter 380 398 154
close 135
enter 547 400 30
enter 287 401 364
close 358
enter 469 403 553
enter 189 404 596
go 159
enter 526 406 621
enter 134 407 242
close 32
enter 53 409 962
enter 153 410 226
enter 581 411 765
enter 435 412 931
enter 956 413 930
enter 575 414 929
enter 727 415 238
enter 823 416 119
enter 199 417 451
enter 221 418 726
enter 68 419 890
enter 452 420 651
enter 782 421 229
enter 658 422 136
enter 594 423 764
enter 846 424 981
enter 968 425 412
enter 906 426 536
enter 359 427 763
enter 679 428 146
enter 831 429 741
enter 358 430 848
enter 469 431 259
enter 621 432 471
enter 497 433 479
enter 750 434 269
close 273
enter 320 436 75
enter 586 437 928
enter 554 438 723
enter 965 439 494
close 984
enter 793 441 705
enter 735 442 967
enter 693 443 816
close 870
close 763
close 816
enter 339 447 476
close 632
enter 679 449 740
enter 647 450 937
enter 855 451 619
enter 121 452 600
enter 543 453 151
enter 370 454 323
enter 595 455 707
enter 77 456 299
enter 226 457 622
enter 426 458 490
enter 670 459 724
enter 157 460 219
enter 308 461 762
close 310
go 618
enter 63 464 166
enter 276 465 751
enter 966 466 195
enter 661 467 283
enter 50 468 505
enter 917 469 113
enter 224 470 538
enter 705 471 31
close 4
enter 796 473 157
enter 310 474 559
enter 185 475 833
enter 772 476 887
enter 760 477 423
enter 694 478 966
enter 864 479 886
enter 78 480 734
enter 309 481 564
enter 961 482 889
enter 548 483 675
enter 836 484 263
enter 798 485 547
enter 614 486 750
enter 85 487 194
enter 815 488 866
enter 939 489 825
close 791
enter 619 491 975
enter 939 492 664
enter 654 493 633
enter 701 494 891
enter 623 495 61
close 13
enter 648 497 792
enter 354 498 630
enter 336 499 543
close 1
enter 803 501 956
enter 561 502 749
leave 739
enter 9 504 406
enter 932 505 404
enter 134 506 328
enter 296 507 558
enter 265 508 812
enter 458 509 295
enter 893 510 825
enter 651 511 439
enter 14 512 584
enter 770 513 597
enter 689 514 536
enter 310 515 226
enter 575 516 502
enter 707 517 517
enter 220 518 74
close 400
close 924
enter 935 521 287
enter 980 522 46
enter 963 523 896
enter 499 524 515
enter 260 525 751
enter 837 526 714
enter 404 527 448
enter 94 528 662
enter 817 529 581
enter 187 530 512
enter 440 531 342
enter 688 532 184
enter 391 533 880
enter 55 534 768
enter 816 535 110
enter 598 536 301
enter 793 537 125
enter 311 538 278
enter 617 539 995
enter 642 540 587
enter 906 541 160
enter 883 542 27
enter 99 543 553
enter 627 544 93
enter 867 545 398
enter 678 546 804
enter 544 547 806
enter 789 548 665
enter 600 549 803
enter 790 550 560
enter 798 551 416
enter 90 552 364
enter 627 553 74
enter 581 554 821
enter 126 555 187
enter 182 556 657
enter 953 557 837
enter 244 558 287
enter 891 559 421
enter 756 560 82
enter 535 561 908
close 446
enter 592 563 796
close 143
enter 370 565 728
enter 663 566 371
enter 10 567 908
close 892
enter 579 569 681
close 401
enter 513 571 365
enter 725 572 334
enter 130 573 822
go 197
enter 222 575 77
enter 343 576 325
enter 743 577 54
enter 361 578 995
enter 694 579 480
enter 146 580 217
enter 710 581 116
enter 473 582 902
enter 447 583 845
enter 890 584 267
close 694
enter 952 586 979
enter 524 587 885
enter 653 588 539
enter 65 589 963
enter 327 590 777
enter 485 591 682
enter 754 592 149
close 250
enter 351 594 122
enter 866 595 426
enter 845 596 920
enter 940 597 107
enter 371 598 479
close 329
enter 112 600 757
enter 194 601 148
enter 853 602 75
enter 498 603 369
enter 753 604 42
enter 543 605 552
enter 30 606 74
enter 122 607 219
enter 893 608 514
enter 866 609 384
enter 683 610 658
enter 306 611 337
enter 0 612 472
enter 552 613 685
enter 978 614 934
enter 583 615 743
enter 308 616 48
close 661
enter 565 618 843
enter 95 619 517
go 841
enter 216 621 163
enter 300 622 289
go 295
enter 516 624 605
close 728
enter 639 626 83
close 814
enter 598 628 217
enter 899 629 547
enter 591 630 485
enter 693 631 215
enter 898 632 977
enter 696 633 59
enter 975 634 397
close 204
enter 312 636 824
enter 461 637 39
enter 760 638 128
enter 637 639 233
enter 267 640 337
enter 94 641 94
enter 617 642 530
enter 482 643 434
enter 960 644 420
enter 844 645 304
enter 836 646 584
enter 896 647 910
enter 532 648 435
enter 217 649 353
close 765
enter 134 651 742
close 963
close 605
enter 745 654 113
enter 30 655 488
enter 372 656 224
enter 414 657 766
enter 453 658 697
enter 754 659 849
close 364
enter 280 661 7
close 240
enter 88 663 346
enter 97 664 841
enter 507 665 262
enter 972 666 643
enter 10 667 524
enter 822 668 413
enter 987 669 371
close 849
enter 828 671 330
enter 428 672 316
close 297
enter 846 674 764
go 480
enter 386 676 70
enter 38 677 742
enter 878 678 518
enter 961 679 912
enter 14 680 22
enter 440 681 260
enter 907 682 261
enter 605 683 857
enter 290 684 739
enter 636 685 38
enter 387 686 784
enter 72 687 169
enter 881 688 927
close 619
enter 58 690 384
enter 822 691 245
enter 598 692 656
enter 658 693 981
enter 182 694 852
close 581
enter 424 696 267
enter 599 697 624
enter 647 698 164
enter 358 699 734
enter 159 700 760
enter 100 701 215
enter 546 702 986
enter 395 703 792
enter 588 704 505
enter 470 705 235
enter 256 706 546
enter 614 707 162
close 317
close 562
enter 499 710 179
enter 750 711 873
enter 738 712 141
close 455
enter 73 714 830
enter 930 715 810
close 163
enter 1 717 860
enter 971 718 465
enter 209 719 922
enter 680 720 693
enter 434 721 64
enter 228 722 207
enter 723 723 846
enter 284 724 579
enter 361 725 884
enter 822 726 985
enter 259 727 146
enter 405 728 730
enter 10 729 45
close 904
enter 383 731 48
close 304
enter 59 733 557
enter 606 734 315
enter 573 735 223
enter 444 736 666
close 476
enter 665 738 610
enter 764 739 126
enter 102 740 790
enter 79 741 513
enter 702 742 57
enter 865 743 472
enter 699 744 202
enter 514 745 213
enter 482 746 903
enter 200 747 347
leave 241
enter 330 749 159
enter 220 750 415
enter 318 751 486
enter 335 752 864
close 187
enter 12 754 917
close 843
close 749
enter 829 757 575
enter 623 758 916
close 685
enter 86 760 427
enter 572 761 349
close 435
enter 374 763 559
enter 603 764 323
enter 61 765 871
enter 664 766 80
enter 784 767 975
enter 362 768 213
enter 826 769 30
enter 929 770 343
enter 159 771 31
enter 613 772 309
enter 283 773 398
enter 78 774 220
enter 461 775 941
enter 713 776 726
enter 273 777 743
enter 352 778 914
close 508
enter 429 780 316
enter 879 781 416
close 780
enter 395 783 946
close 832
enter 795 785 481
enter 193 786 767
go 229
close 917
enter 416 789 783
enter 649 790 68
enter 568 791 372
go 399
enter 178 793 89
close 319
close 396
enter 594 796 695
enter 367 797 195
enter 538 798 932
enter 985 799 61
enter 69 800 470
leave 426
close 932
close 985
enter 323 804 533
close 871
leave 189
enter 751 807 272
enter 890 808 233
enter 886 809 246
enter 77 810 237
enter 562 811 988
enter 784 812 752
enter 50 813 470
enter 685 814 276
enter 813 815 847
enter 402 816 345
enter 543 817 128
close 546
enter 72 819 714
enter 262 820 14
go 126
enter 511 822 640
enter 26 823 859
enter 660 824 900
leave 572
close 733
enter 83 827 573
go 420
enter 687 829 499
enter 768 830 210
enter 300 831 768
enter 329 832 363
enter 158 833 703
enter 219 834 949
enter 300 835 897
enter 357 836 97
enter 374 837 792
close 925
close 888
enter 291 840 681
enter 783 841 722
enter 500 842 301
enter 247 843 28
close 326
enter 50 845 651
enter 187 846 909
enter 283 847 674
enter 242 848 212
enter 861 849 114
close 328
enter 514 851 794
enter 108 852 332
enter 579 853 591
enter 161 854 242
close 125
enter 418 856 268
enter 144 857 962
enter 575 858 341
enter 342 859 244
enter 762 860 790
enter 477 861 495
leave 840
enter 701 863 291
enter 193 864 142
enter 903 865 906
enter 760 866 33
enter 971 867 531
enter 771 868 331
leave 597
enter 463 870 363
enter 542 871 490
enter 1 872 648
enter 781 873 360
enter 495 874 926
close 766
enter 260 876 300
enter 451 877 587
close 450
close 900
enter 80 880 440
enter 680 881 425
enter 825 882 976
enter 815 883 136
enter 515 884 675
enter 915 885 653
enter 924 886 839
enter 245 887 211
enter 408 888 323
go 741
enter 413 890 504
enter 945 891 629
enter 403 892 42
enter 322 893 303
enter 103 894 422
enter 183 895 454
enter 534 896 323
enter 761 897 809
enter 227 898 389
enter 307 899 637
enter 781 900 428
enter 738 901 593
enter 868 902 513
enter 998 903 869
close 83
enter 75 905 252
enter 108 906 656
enter 412 907 645
enter 283 908 114
enter 386 909 363
enter 247 910 987
enter 504 911 234
enter 312 912 982
enter 360 913 70
close 916
enter 570 915 822
enter 230 916 35
enter 832 917 197
close 982
enter 2 919 417
enter 850 920 798
enter 405 921 698
enter 687 922 176
enter 24 923 522
enter 19 924 386
enter 849 925 826
close 935
enter 841 927 481
enter 689 928 537
enter 772 929 618
enter 913 930 725
enter 501 931 338
enter 685 932 202
enter 188 933 126
enter 51 934 668
enter 418 935 164
close 625
enter 155 937 25
enter 662 938 19
close 485
close 54
leave 543
enter 832 942 288
enter 744 943 115
close 42
enter 7 945 597
close 524
enter 276 947 510
enter 238 948 29
enter 798 949 231
enter 87 950 811
enter 569 951 474
close 119
go 484
go 810
enter 52 955 682
enter 496 956 550
enter 820 957 38
enter 301 958 5
enter 31 959 898
enter 872 960 98
enter 274 961 415
enter 540 962 995
enter 152 963 717
enter 702 964 758
enter 809 965 332
enter 577 966 56
enter 165 967 747
enter 695 968 223
close 558
enter 841 970 47
enter 854 971 403
enter 768 972 709
enter 643 973 721
enter 271 974 167
enter 520 975 755
enter 745 976 131
close 299
enter 156 978 789
enter 793 979 501
enter 26 980 626
enter 932 981 889
enter 636 982 380
close 372
enter 298 984 427
enter 936 985 718
enter 847 986 894
close 829
enter 761 988 590
enter 918 989 194
enter 802 990 549
enter 2 991 399
enter 560 992 327
enter 723 993 117
enter 412 994 384
close 864
enter 59 996 333
close 375
leave 796
enter 590 999 298
